-2.659934352268641611e+00
-2.070558801184599229e+00
-2.687112096618970547e+00
-3.800562811301847255e+00
-4.690476364009514398e+00
-4.936870462902994028e+00
-4.459990486371268936e+00
-3.313967290555050571e+00
-1.483408848130054247e+00
1.129416812083653632e+00
4.434141894956598051e+00
7.617733461217475188e+00
8.754405493768764757e+00
5.778679532344677128e+00
-7.789481601266007305e-01
-6.917881133945299688e+00
-9.088079119079058188e+00
-7.432340875539873437e+00
-4.194187684399758531e+00
-1.155284449826938342e+00
1.033634502297756441e+00
2.452650809998209613e+00
3.476677583352552503e+00
4.498318705006584040e+00
5.716195078378706107e+00
6.966900632802053295e+00
7.704089955882745144e+00
7.318342602474141145e+00
5.801080880086301406e+00
4.166312749539404336e+00
3.837390537072352004e+00
5.278591917811517931e+00
7.056788422205499955e+00
6.283933295063661717e+00
1.128769323184178219e+00
-6.170803786757025122e+00
-1.087038059232898490e+01
-1.091448136048354201e+01
-8.030655967963205910e+00
-4.778129545703142966e+00
